player,s_c,pos,gp,g,a,p,plus_minus,pim,p_gp,evg,evp,ppg,ppp,shg,shp,otg,gwg,shots,s_percent,toi_gp,fow_percent,salary
Nicolas Hague,L,D,42,1,11,12,2,32,0.29,0,8,1,4,0,0,0,0,59,1.7,15:51,NA,NA
Tom Kuhnhackl,L,R,28,3,3,6,-4,2,0.21,3,5,0,0,0,1,0,1,28,10.7,11:18,NA,NA
Nicholas Shore,R,C,63,3,3,6,1,20,0.1,3,6,0,0,0,0,0,0,45,6.7,9:11,55.3,NA
Filip Chlapik,L,C,32,3,3,6,-6,10,0.19,3,6,0,0,0,0,0,1,28,10.7,8:43,38.7,NA
Brett Ritchie,R,R,27,2,4,6,-3,21,0.22,2,5,0,1,0,0,0,1,34,5.9,10:24,40,NA
Scott Sabourin,R,R,35,2,4,6,-6,33,0.17,2,6,0,0,0,0,0,0,29,6.9,7:01,0,NA
Gabriel Bourque,L,L,52,2,4,6,-1,7,0.12,2,6,0,0,0,0,0,0,33,6.1,8:36,40,NA
Oscar Fantenberg,L,D,36,1,5,6,-10,6,0.17,1,5,0,1,0,0,0,0,45,2.2,15:55,NA,NA
Deryk Engelland,R,D,49,1,5,6,6,37,0.12,1,5,0,0,0,1,0,1,59,1.7,17:33,NA,NA
Patrick Russell,R,R,46,0,6,6,-11,12,0.13,0,6,0,0,0,0,0,0,59,0,11:18,50,NA
Zac Rinaldo,L,C,19,3,2,5,-1,34,0.26,3,5,0,0,0,0,0,2,19,15.8,8:16,NA,NA
Logan Shaw,R,R,35,3,2,5,0,0,0.14,3,4,0,1,0,0,0,0,20,15,6:49,55,NA
Joseph Blandisi,L,C,21,2,3,5,-3,10,0.24,2,5,0,0,0,0,0,1,12,16.7,8:12,40.7,NA
Jakob Lilja,L,L,37,2,3,5,5,2,0.14,2,5,0,0,0,0,0,0,23,8.7,9:54,50,NA
Dale Weise,R,R,23,1,4,5,1,16,0.22,1,5,0,0,0,0,0,0,15,6.7,9:16,NA,NA
Joakim Ryan,L,D,35,1,4,5,-10,10,0.14,1,5,0,0,0,0,0,0,54,1.9,19:09,NA,NA
Ville Heinola,L,D,9,1,4,5,5,4,0.56,1,4,0,1,0,0,0,0,11,9.1,17:39,NA,NA
Tim Heed,R,D,38,1,4,5,-10,2,0.13,1,4,0,1,0,0,0,0,44,2.3,13:00,0,NA
Riley Stillman,L,D,35,0,5,5,-4,16,0.14,0,5,0,0,0,0,0,0,39,0,19:03,NA,NA
Greg Pateryn,R,D,26,0,5,5,0,8,0.19,0,5,0,0,0,0,0,0,26,0,15:08,NA,NA
Libor Hajek,L,D,28,0,5,5,-4,12,0.18,0,5,0,0,0,0,0,0,23,0,15:59,NA,NA
Jesper Boqvist,L,C,39,4,0,4,-11,10,0.1,3,3,1,1,0,0,0,0,43,9.3,11:16,34.8,NA
Morgan Geekie,R,C,5,3,1,4,3,4,0.8,3,4,0,0,0,0,0,0,7,42.9,10:42,50,NA
Markus Granlund,L,C,34,3,1,4,-1,14,0.12,3,4,0,0,0,0,0,1,26,11.5,10:50,43.9,NA
Christoffer Ehn,L,C,54,2,2,4,-21,2,0.07,2,4,0,0,0,0,0,0,36,5.6,10:25,42.5,NA
Mikkel Boedker,L,L,20,2,2,4,-1,0,0.2,1,3,0,0,1,1,0,0,29,6.9,9:43,25,NA
Aleksi Saarela,L,C,9,2,2,4,2,0,0.44,2,3,0,1,0,0,0,0,15,13.3,12:15,35.3,NA
Givani Smith,L,R,24,2,2,4,-3,9,0.17,2,4,0,0,0,0,0,0,24,8.3,9:37,NA,NA
Brendan Perlini,L,L,40,1,3,4,-18,10,0.1,1,4,0,0,0,0,0,0,48,2.1,10:42,NA,NA
Cameron Gaunce,L,D,3,1,3,4,2,4,1.33,1,4,0,0,0,0,0,0,5,20,11:52,NA,NA
Dakota Mermis,L,D,10,1,3,4,7,4,0.4,1,4,0,0,0,0,0,0,17,5.9,19:13,NA,NA
Korbinian Holzer,R,D,49,1,3,4,-2,37,0.08,1,3,0,0,0,1,0,0,39,2.6,16:02,NA,NA
Martin Marincin,L,D,26,1,3,4,-1,14,0.15,1,4,0,0,0,0,0,1,28,3.6,15:12,NA,NA
Valentin Zykov,R,L,15,1,3,4,-2,6,0.27,0,3,1,1,0,0,0,0,19,5.3,12:13,0,NA
Alexander True,L,C,12,0,4,4,1,2,0.33,0,4,0,0,0,0,0,0,12,0,10:00,46.4,NA
Dryden Hunt,L,L,21,0,4,4,0,24,0.19,0,4,0,0,0,0,0,0,33,0,10:30,NA,NA
Erik Brannstrom,L,D,31,0,4,4,-9,16,0.13,0,3,0,1,0,0,0,0,38,0,14:51,NA,NA
Colin Wilson,L,C,9,0,4,4,6,0,0.44,0,4,0,0,0,0,0,0,12,0,12:38,42.9,NA
Roman Polak,R,D,41,0,4,4,-6,24,0.1,0,4,0,0,0,0,0,0,34,0,16:40,NA,NA
Austin Czarnik,R,C,8,2,1,3,1,0,0.38,1,2,1,1,0,0,0,0,9,22.2,10:11,33.3,NA
Stefan Matteau,L,C,9,2,1,3,0,5,0.33,2,3,0,0,0,0,0,0,18,11.1,12:22,NA,NA
Martin Kaut,R,R,10,2,1,3,-1,4,0.3,1,2,1,1,0,0,0,0,13,15.4,9:42,100,NA
Andrew Agozzino,L,L,22,1,2,3,3,4,0.14,1,3,0,0,0,0,0,0,10,10,7:21,50.7,NA
Mikhail Vorobyev,L,C,20,1,2,3,-5,6,0.15,1,3,0,0,0,0,0,0,15,6.7,10:26,55.7,NA
Andrew Peeke,R,D,22,1,2,3,1,4,0.14,1,3,0,0,0,0,0,0,23,4.4,13:51,NA,NA
Luke Witkowski,R,R,12,1,2,3,-4,13,0.25,1,3,0,0,0,0,0,0,10,10,8:48,NA,NA
Connor Bunnaman,L,C,25,1,2,3,7,2,0.12,1,3,0,0,0,0,0,0,22,4.6,9:42,42.5,NA
Vladimir Sobotka,L,C,16,1,2,3,2,4,0.19,1,3,0,0,0,0,0,0,23,4.4,14:16,55.7,NA
Rasmus Asplund,L,C,30,1,2,3,-4,6,0.1,1,2,0,0,0,1,0,0,38,2.6,10:43,43,NA
Nicholas Merkley,L,R,6,1,2,3,1,2,0.5,1,3,0,0,0,0,0,0,11,9.1,11:23,100,NA
Dennis Gilbert,L,D,22,1,2,3,-8,38,0.14,1,3,0,0,0,0,0,0,12,8.3,15:27,NA,NA
Dylan Sikura,L,R,9,1,2,3,1,0,0.33,1,3,0,0,0,0,0,0,10,10,9:54,0,NA
Michael McLeod,R,C,19,1,2,3,5,6,0.16,1,3,0,0,0,0,0,0,19,5.3,10:57,47.9,NA
Nic Petan,L,C,16,0,3,3,-4,4,0.19,0,3,0,0,0,0,0,0,19,0,11:07,25,NA
Michael Rasmussen,L,C,6,0,3,3,-3,2,0.5,0,2,0,1,0,0,0,0,6,0,11:58,50,NA
Christian Jaros,R,D,13,0,3,3,-2,6,0.23,0,2,0,0,0,1,0,0,5,0,10:31,NA,NA
Andreas Englund,L,D,24,0,3,3,-8,12,0.13,0,3,0,0,0,0,0,0,10,0,10:54,NA,NA
Calle Rosen,L,D,12,0,3,3,0,4,0.25,0,3,0,0,0,0,0,0,14,0,13:35,NA,NA
Tyler Graovac,L,C,8,2,0,2,-2,2,0.25,0,0,2,2,0,0,0,0,5,40,6:16,36.4,NA
Sam Carrick,R,C,9,1,1,2,-3,0,0.22,0,1,0,0,1,1,0,0,16,6.3,13:46,45.8,NA
Fredrik Claesson,L,D,5,1,1,2,1,0,0.4,1,2,0,0,0,0,0,0,1,100,14:29,NA,NA
Nathan Walker,L,L,5,1,1,2,-2,4,0.4,1,2,0,0,0,0,0,0,6,16.7,11:08,100,NA
Daniel Carr,L,L,13,1,1,2,-4,4,0.15,1,2,0,0,0,0,0,0,17,5.9,10:21,0,NA
Charles Hudon,L,L,15,1,1,2,-9,0,0.13,1,2,0,0,0,0,0,1,22,4.6,11:32,25,NA
Cole Bardreau,R,C,10,1,1,2,-2,6,0.2,1,2,0,0,0,0,0,1,10,10,8:52,42,NA
Adam Johnson,L,C,7,1,1,2,-1,2,0.29,1,2,0,0,0,0,0,0,5,20,6:42,NA,NA
Christian Folin,R,D,16,1,1,2,-1,13,0.13,1,2,0,0,0,0,0,0,13,7.7,14:26,NA,NA
Lias Andersson,L,C,23,1,1,2,-9,10,0.09,1,2,0,0,0,0,0,0,20,5,10:04,43.4,NA
Cody Goloubef,R,D,26,1,1,2,-3,8,0.08,1,2,0,0,0,0,0,0,18,5.6,15:11,NA,NA
K'Andre Miller,L,D,7,1,1,2,6,2,0.29,1,2,0,0,0,0,0,0,10,10,17:44,NA,NA
Mikey Anderson,L,D,14,1,1,2,3,4,0.14,1,2,0,0,0,0,0,1,11,9.1,19:51,NA,NA
Ryan Poehling,L,C,27,1,1,2,-4,4,0.07,1,2,0,0,0,0,0,0,26,3.9,10:20,20,NA
Scott Wilson,L,L,6,1,1,2,1,2,0.33,1,2,0,0,0,0,0,0,8,12.5,11:38,NA,NA
Nick Caamano,L,R,16,1,1,2,1,4,0.13,1,2,0,0,0,0,0,0,19,5.3,9:43,50,NA
Jacob Middleton,L,D,11,0,2,2,-4,11,0.18,0,2,0,0,0,0,0,0,10,0,10:35,NA,NA
Zach Senyshyn,R,R,4,0,2,2,1,0,0.5,0,2,0,0,0,0,0,0,1,0,8:26,100,NA
John Leonard,L,L,7,0,2,2,-5,0,0.29,0,2,0,0,0,0,0,0,9,0,13:04,NA,NA
Matthew Peca,L,C,14,0,2,2,-4,0,0.14,0,2,0,0,0,0,0,0,7,0,10:27,54.4,NA
Kiefer Sherwood,R,L,12,0,2,2,-1,6,0.17,0,2,0,0,0,0,0,0,19,0,12:40,80,NA
Brandon Pirri,L,C,17,0,2,2,-6,8,0.12,0,2,0,0,0,0,0,0,26,0,12:30,60,NA
Xavier Ouellet,L,D,12,0,2,2,0,4,0.17,0,2,0,0,0,0,0,0,8,0,13:54,NA,NA
Joe Hicketts,L,D,6,0,2,2,-5,2,0.33,0,2,0,0,0,0,0,0,6,0,18:17,NA,NA
Tomas Jurco,L,R,12,0,2,2,1,4,0.17,0,2,0,0,0,0,0,0,7,0,9:59,50,NA
Mark Barberio,L,D,21,0,2,2,3,16,0.1,0,2,0,0,0,0,0,0,29,0,14:06,NA,NA
Sven Baertschi,L,L,6,0,2,2,-2,4,0.33,0,0,0,2,0,0,0,0,7,0,11:49,NA,NA
Joel Persson,R,D,13,0,2,2,-1,2,0.15,0,2,0,0,0,0,0,0,17,0,15:19,NA,NA
Steven Kampfer,R,D,10,0,2,2,2,2,0.2,0,0,0,2,0,0,0,0,13,0,13:38,NA,NA
Tanner Kero,L,C,3,0,2,2,1,0,0.67,0,2,0,0,0,0,0,0,4,0,14:38,75,NA
Brandon Manning,L,D,9,1,0,1,-1,17,0.11,1,1,0,0,0,0,0,0,8,12.5,11:03,NA,NA
Tim Stützle,L,L,5,1,0,1,-5,2,0.2,1,1,0,0,0,0,0,0,5,20,13:34,50,NA
Patrick Brown,R,C,1,1,0,1,0,0,1,1,1,0,0,0,0,0,0,2,50,10:04,NA,NA
Colby Cave,L,C,11,1,0,1,-3,4,0.09,1,1,0,0,0,0,0,0,5,20,9:39,46.8,NA
Lukas Vejdemo,L,C,7,1,0,1,0,0,0.14,1,1,0,0,0,0,0,0,7,14.3,8:01,20,NA
Joel L'Esperance,R,C,4,1,0,1,0,2,0.25,1,1,0,0,0,0,0,0,2,50,7:45,0,NA
Cale Fleury,R,D,41,1,0,1,-4,6,0.02,1,1,0,0,0,0,0,0,45,2.2,14:21,NA,NA
Andrew Ladd,L,L,4,1,0,1,2,4,0.25,1,1,0,0,0,0,0,0,5,20,11:58,NA,NA
Egor Korshkov,L,R,1,1,0,1,1,0,1,1,1,0,0,0,0,0,0,1,100,10:08,NA,NA
Miikka Salomaki,L,R,5,1,0,1,2,4,0.2,1,1,0,0,0,0,0,1,2,50,12:09,NA,NA
Nate Prosser,R,D,1,1,0,1,1,0,1,1,1,0,0,0,0,0,0,1,100,13:12,NA,NA
Klim Kostin,L,C,4,1,0,1,1,0,0.25,1,1,0,0,0,0,0,0,5,20,8:32,NA,NA
Micheal Haley,L,L,23,1,0,1,-7,55,0.04,1,1,0,0,0,0,0,0,9,11.1,5:37,53.9,NA
Kyle Capobianco,L,D,11,1,0,1,-3,4,0.09,1,1,0,0,0,0,0,0,13,7.7,14:42,NA,NA
David Kase,L,R,6,1,0,1,1,0,0.17,1,1,0,0,0,0,0,1,5,20,9:47,100,NA
Buddy Robinson,R,R,5,1,0,1,0,7,0.2,1,1,0,0,0,0,0,0,6,16.7,12:14,NA,NA
Gemel Smith,L,C,3,1,0,1,0,4,0.33,1,1,0,0,0,0,0,0,1,100,9:10,65,NA
Maxim Letunov,L,C,3,1,0,1,0,0,0.33,1,1,0,0,0,0,0,0,3,33.3,9:05,50,NA
Carsen Twarynski,L,L,15,1,0,1,-2,4,0.07,1,1,0,0,0,0,0,0,14,7.1,10:41,0,NA
Anthony Angello,R,C,8,1,0,1,-1,4,0.13,1,1,0,0,0,0,0,0,5,20,5:43,0,NA
Vitaly Abramov,L,L,2,1,0,1,0,2,0.5,1,1,0,0,0,0,0,0,3,33.3,5:47,NA,NA
Alan Quine,L,C,9,1,0,1,-1,4,0.11,1,1,0,0,0,0,0,0,12,8.3,9:48,100,NA
Carl Dahlstrom,L,D,15,0,1,1,-4,6,0.07,0,1,0,0,0,0,0,0,9,0,14:46,NA,NA
Ryan MacInnis,L,C,10,0,1,1,1,0,0.1,0,1,0,0,0,0,0,0,13,0,9:21,37,NA
Timothy Liljegren,R,D,11,0,1,1,-5,2,0.09,0,1,0,0,0,0,0,0,2,0,10:18,NA,NA
Paul LaDue,R,D,2,0,1,1,0,0,0.5,0,1,0,0,0,0,0,0,2,0,12:48,NA,NA
Brendan Gaunce,L,C,1,0,1,1,1,2,1,0,1,0,0,0,0,0,0,0,NA,9:10,0,NA
Chris Stewart,R,R,16,0,1,1,-7,21,0.06,0,1,0,0,0,0,0,0,5,0,7:47,NA,NA
T.J. Tynan,R,C,16,0,1,1,-1,2,0.06,0,1,0,0,0,0,0,0,7,0,8:28,16.7,NA
Jonny Brodzinski,R,C,3,0,1,1,0,0,0.33,0,1,0,0,0,0,0,0,5,0,7:24,0,NA
Gustav Lindstrom,R,D,16,0,1,1,-6,14,0.06,0,0,0,1,0,0,0,0,9,0,16:32,NA,NA
Brogan Rafferty,R,D,1,0,1,1,-1,0,1,0,1,0,0,0,0,0,0,1,0,13:58,NA,NA
Pontus Aberg,R,L,5,0,1,1,0,0,0.2,0,1,0,0,0,0,0,0,4,0,8:42,NA,NA
Clark Bishop,L,C,5,0,1,1,-2,4,0.2,0,1,0,0,0,0,0,0,4,0,7:39,38.2,NA
Mason Marchment,L,L,4,0,1,1,0,0,0.25,0,1,0,0,0,0,0,0,3,0,8:05,100,NA
Jason Robertson,L,L,5,0,1,1,0,0,0.2,0,0,0,1,0,0,0,0,4,0,11:17,NA,NA
Tyler Benson,L,L,7,0,1,1,-1,0,0.14,0,1,0,0,0,0,0,0,5,0,10:23,100,NA
Brian Lashoff,L,D,9,0,1,1,1,6,0.11,0,1,0,0,0,0,0,0,6,0,14:33,NA,NA
Aaron Ness,L,D,24,0,1,1,1,0,0.04,0,1,0,0,0,0,0,0,11,0,12:32,NA,NA
J.C. Beaudin,R,C,22,0,1,1,-4,7,0.05,0,1,0,0,0,0,0,0,18,0,8:38,52.5,NA
Gage Quinney,L,C,3,0,1,1,-1,0,0.33,0,1,0,0,0,0,0,0,2,0,9:43,47.1,NA
Nick Seeler,L,D,12,0,1,1,-8,15,0.08,0,1,0,0,0,0,0,0,5,0,11:56,NA,NA
Cory Conacher,L,C,4,0,1,1,-2,4,0.25,0,1,0,0,0,0,0,0,5,0,11:05,NA,NA
Lean Bergmann,L,C,12,0,1,1,-6,4,0.08,0,1,0,0,0,0,0,0,11,0,8:16,0,NA
Andy Andreoff,L,C,14,0,1,1,-3,2,0.07,0,1,0,0,0,0,0,0,14,0,8:32,50,NA
Peter Cehlarik,L,L,3,0,1,1,-1,2,0.33,0,1,0,0,0,0,0,0,0,NA,11:16,50,NA
Martin Fehervary,L,D,6,0,1,1,-2,6,0.17,0,1,0,0,0,0,0,0,7,0,15:59,NA,NA
Jonathan Davidsson,R,R,6,0,1,1,0,0,0.17,0,1,0,0,0,0,0,0,3,0,5:31,NA,NA
Tim Gettinger,L,L,2,0,1,1,1,0,0.5,0,1,0,0,0,0,0,0,3,0,8:23,0,NA
Anton Lindholm,L,D,4,0,1,1,1,0,0.25,0,1,0,0,0,0,0,0,1,0,11:47,NA,NA
Ben Street,L,C,3,0,1,1,1,0,0.33,0,1,0,0,0,0,0,0,4,0,8:08,45.5,NA
Brett Seney,L,L,2,0,0,0,-1,0,0,0,0,0,0,0,0,0,0,1,0,9:56,0,NA
Austin Poganski,R,R,1,0,0,0,0,0,0,0,0,0,0,0,0,0,0,0,NA,5:54,NA,NA
Callan Foote,R,D,3,0,0,0,2,0,0,0,0,0,0,0,0,0,0,3,0,11:47,NA,NA
Alexandre Carrier,R,D,3,0,0,0,2,2,0,0,0,0,0,0,0,0,0,4,0,10:47,NA,NA
Tobias Bjornfot,L,D,3,0,0,0,-4,0,0,0,0,0,0,0,0,0,0,0,NA,12:58,NA,NA
Brandon Davidson,L,D,12,0,0,0,-3,0,0,0,0,0,0,0,0,0,0,17,0,12:29,NA,NA
Victor Soderstrom,R,D,2,0,0,0,1,0,0,0,0,0,0,0,0,0,0,1,0,13:41,NA,NA
Boo Nieves,L,C,4,0,0,0,2,4,0,0,0,0,0,0,0,0,0,2,0,7:32,73.7,NA
Anthony Richard,L,C,1,0,0,0,-1,0,0,0,0,0,0,0,0,0,0,2,0,4:10,NA,NA
Colton White,L,D,6,0,0,0,-2,4,0,0,0,0,0,0,0,0,0,2,0,13:59,NA,NA
Justin Bailey,R,R,2,0,0,0,0,0,0,0,0,0,0,0,0,0,0,1,0,5:20,NA,NA
Maxime Lajoie,L,D,6,0,0,0,0,0,0,0,0,0,0,0,0,0,0,3,0,7:49,NA,NA
Lawrence Pilut,L,D,13,0,0,0,-4,4,0,0,0,0,0,0,0,0,0,6,0,16:14,NA,NA
Paul Carey,L,C,1,0,0,0,-1,0,0,0,0,0,0,0,0,0,0,0,NA,6:22,NA,NA
John Gilmour,L,D,4,0,0,0,-2,0,0,0,0,0,0,0,0,0,0,5,0,17:03,NA,NA
Samuel Morin,L,L,1,0,0,0,-1,0,0,0,0,0,0,0,0,0,0,0,NA,12:32,NA,NA
Jake Bischoff,L,D,4,0,0,0,-2,4,0,0,0,0,0,0,0,0,0,6,0,15:36,NA,NA
Jaret Anderson-Dolan,L,C,4,0,0,0,-1,0,0,0,0,0,0,0,0,0,0,2,0,10:16,38.5,NA
John Quenneville,L,C,9,0,0,0,-1,0,0,0,0,0,0,0,0,0,0,14,0,11:03,75,NA
Anton Blidh,L,L,7,0,0,0,-1,0,0,0,0,0,0,0,0,0,0,9,0,11:31,0,NA
Gabriel Dumont,R,C,3,0,0,0,-1,0,0,0,0,0,0,0,0,0,0,3,0,11:30,40,NA
Ashton Sautner,L,D,1,0,0,0,0,0,0,0,0,0,0,0,0,0,0,1,0,2:49,NA,NA
Jonathan Ericsson,L,D,18,0,0,0,-12,4,0,0,0,0,0,0,0,0,0,16,0,14:15,NA,NA
Sheldon Rempal,R,R,1,0,0,0,0,0,0,0,0,0,0,0,0,0,0,1,0,6:58,0,NA
Calvin Thurkauf,L,C,3,0,0,0,0,0,0,0,0,0,0,0,0,0,0,1,0,8:15,100,NA
Jean-Sebastien Dea,R,C,3,0,0,0,0,0,0,0,0,0,0,0,0,0,0,0,NA,7:38,50,NA
Cole Smith,L,L,1,0,0,0,0,0,0,0,0,0,0,0,0,0,0,1,0,5:57,NA,NA
Vinni Lettieri,R,C,1,0,0,0,1,0,0,0,0,0,0,0,0,0,0,2,0,13:45,NA,NA
Michael Chaput,L,C,2,0,0,0,-2,2,0,0,0,0,0,0,0,0,0,2,0,10:01,53.9,NA
Andy Welinski,R,D,3,0,0,0,1,0,0,0,0,0,0,0,0,0,0,2,0,11:42,NA,NA
Joachim Blichfeld,R,R,3,0,0,0,-2,2,0,0,0,0,0,0,0,0,0,3,0,12:46,NA,NA
Dalton Smith,L,L,1,0,0,0,1,2,0,0,0,0,0,0,0,0,0,0,NA,1:26,NA,NA
Dalton Prout,R,D,2,0,0,0,0,7,0,0,0,0,0,0,0,0,0,2,0,12:49,NA,NA
Trevor Carrick,L,D,3,0,0,0,0,5,0,0,0,0,0,0,0,0,0,1,0,5:47,NA,NA
Kevin Connauton,L,D,4,0,0,0,-2,0,0,0,0,0,0,0,0,0,0,4,0,15:30,NA,NA
Brennan Menell,R,D,5,0,0,0,1,2,0,0,0,0,0,0,0,0,0,4,0,13:59,NA,NA
Jake Bean,L,D,1,0,0,0,0,0,0,0,0,0,0,0,0,0,0,1,0,12:13,NA,NA
Mark Alt,R,D,1,0,0,0,0,2,0,0,0,0,0,0,0,0,0,2,0,11:32,NA,NA
Evgeny Svechnikov,L,R,4,0,0,0,-1,2,0,0,0,0,0,0,0,0,0,7,0,8:20,NA,NA
Mark Letestu,R,C,7,0,0,0,0,0,0,0,0,0,0,0,0,0,0,5,0,10:36,54.4,NA
Otto Leskinen,L,D,5,0,0,0,0,0,0,0,0,0,0,0,0,0,0,2,0,10:18,NA,NA
Nikolay Goldobin,L,R,1,0,0,0,0,0,0,0,0,0,0,0,0,0,0,0,NA,8:37,NA,NA
Alexander Yelesin,R,D,4,0,0,0,0,0,0,0,0,0,0,0,0,0,0,2,0,12:30,NA,NA
Rhett Gardner,L,C,10,0,0,0,-1,4,0,0,0,0,0,0,0,0,0,9,0,9:39,45.3,NA
Nicolas Meloche,R,D,1,0,0,0,1,0,0,0,0,0,0,0,0,0,0,0,NA,5:43,NA,NA
Gustav Olofsson,L,D,3,0,0,0,-4,2,0,0,0,0,0,0,0,0,0,2,0,8:06,NA,NA
Steven Lorentz,L,C,1,0,0,0,0,0,0,0,0,0,0,0,0,0,0,1,0,14:41,NA,NA
Derrick Pouliot,L,D,2,0,0,0,-1,2,0,0,0,0,0,0,0,0,0,1,0,8:20,NA,NA
Max Veronneau,R,R,4,0,0,0,-2,0,0,0,0,0,0,0,0,0,0,3,0,8:25,NA,NA
Ryan Lomberg,L,L,1,0,0,0,0,0,0,0,0,0,0,0,0,0,0,1,0,11:27,NA,NA
Thomas Di Pauli,L,C,2,0,0,0,-3,10,0,0,0,0,0,0,0,0,0,2,0,5:59,NA,NA
Steven Fogarty,R,C,7,0,0,0,-1,0,0,0,0,0,0,0,0,0,0,2,0,5:53,66.7,NA
Lukas Radil,R,C,14,0,0,0,-3,8,0,0,0,0,0,0,0,0,0,12,0,9:24,25,NA
Andrei Chibisov,L,R,2,0,0,0,0,0,0,0,0,0,0,0,0,0,0,1,0,7:27,NA,NA
Beck Malenstyn,L,L,3,0,0,0,-1,0,0,0,0,0,0,0,0,0,0,4,0,9:16,NA,NA
Brian Gibbons,L,C,15,0,0,0,-7,4,0,0,0,0,0,0,0,0,0,9,0,9:46,NA,NA
Jake Walman,L,D,1,0,0,0,1,0,0,0,0,0,0,0,0,0,0,1,0,11:04,NA,NA
Jordan Szwarz,R,C,3,0,0,0,0,2,0,0,0,0,0,0,0,0,0,2,0,4:55,44.4,NA
Tyler Lewington,R,D,6,0,0,0,-2,17,0,0,0,0,0,0,0,0,0,2,0,10:10,NA,NA
Joona Luoto,L,L,16,0,0,0,-3,2,0,0,0,0,0,0,0,0,0,9,0,6:35,NA,NA
Cameron Hughes,L,C,1,0,0,0,-1,0,0,0,0,0,0,0,0,0,0,0,NA,9:53,NA,NA
Josh Jacobs,R,D,2,0,0,0,1,2,0,0,0,0,0,0,0,0,0,3,0,16:36,NA,NA
Fredrik Handemark,L,C,1,0,0,0,-1,0,0,0,0,0,0,0,0,0,0,0,NA,9:44,40,NA
Dylan McIlrath,R,D,16,0,0,0,-4,23,0,0,0,0,0,0,0,0,0,14,0,14:49,NA,NA
Chase De Leo,L,C,1,0,0,0,0,0,0,0,0,0,0,0,0,0,0,1,0,14:59,0,NA
Kole Sherwood,R,R,3,0,0,0,0,2,0,0,0,0,0,0,0,0,0,6,0,6:38,0,NA
German Rubtsov,L,C,4,0,0,0,-1,0,0,0,0,0,0,0,0,0,0,1,0,6:48,42.9,NA
Connor McMichael,L,C,1,0,0,0,0,2,0,0,0,0,0,0,0,0,0,1,0,9:54,100,NA
Kevin Gravel,L,D,3,0,0,0,0,0,0,0,0,0,0,0,0,0,0,2,0,11:05,NA,NA
Otto Koivula,L,L,12,0,0,0,0,2,0,0,0,0,0,0,0,0,0,4,0,7:55,36.9,NA
Brian Pinho,R,C,2,0,0,0,-2,0,0,0,0,0,0,0,0,0,0,3,0,7:49,57.1,NA
Henrik Borgstrom,L,C,4,0,0,0,-2,2,0,0,0,0,0,0,0,0,0,3,0,12:23,48.2,NA
Logan Stanley,L,D,6,0,0,0,3,4,0,0,0,0,0,0,0,0,0,12,0,11:49,NA,NA
CJ Suess,L,L,1,0,0,0,-1,0,0,0,0,0,0,0,0,0,0,0,NA,6:26,25,NA
Sheldon Dries,L,C,5,0,0,0,-2,0,0,0,0,0,0,0,0,0,0,2,0,6:52,66.7,NA
Anton Wedin,L,L,4,0,0,0,1,4,0,0,0,0,0,0,0,0,0,2,0,9:04,NA,NA
Jayson Megna,R,C,8,0,0,0,-1,2,0,0,0,0,0,0,0,0,0,4,0,6:43,0,NA
Marko Dano,L,L,3,0,0,0,-1,2,0,0,0,0,0,0,0,0,0,2,0,7:10,NA,NA
Zach Trotman,R,D,8,0,0,0,-1,4,0,0,0,0,0,0,0,0,0,11,0,14:43,NA,NA
Riley Barber,R,R,9,0,0,0,-1,2,0,0,0,0,0,0,0,0,0,6,0,8:15,100,NA
Urho Vaakanainen,L,D,5,0,0,0,2,0,0,0,0,0,0,0,0,0,0,2,0,16:51,NA,NA
Danil Yurtaykin,R,L,4,0,0,0,-1,0,0,0,0,0,0,0,0,0,0,2,0,13:00,NA,NA
